14 15 8 0 0 0 6 11 0 7 10 1 0 0 3 9
9 12 4 3 14 15 0 13 0 5 6 11 2 0 0 1
1 2 7 0 9 12 0 0 14 15 0 13 0 5 6 0
11 16 0 6 1 0 0 10 0 12 4 3 0 15 0 0
13 0 15 0 0 16 5 6 0 2 7 10 0 0 0 3
0 9 12 0 13 14 0 8 11 16 5 6 1 2 7 10
10 0 0 7 3 0 12 0 13 14 0 0 0 16 5 6
6 0 16 5 10 1 2 0 0 9 0 4 13 14 15 8
0 13 14 0 0 11 16 5 10 1 2 7 0 0 12 0
0 0 9 12 0 13 14 15 0 11 16 5 10 1 2 7
0 10 1 2 4 3 0 0 8 13 14 0 0 11 0 5
5 0 0 16 7 0 0 2 0 3 9 12 0 0 14 15
0 0 13 14 5 6 0 0 7 10 1 2 4 0 9 12
0 4 3 9 15 0 13 14 5 6 11 0 7 10 1 0
2 7 10 0 12 0 0 9 15 8 13 0 5 6 11 0
0 5 0 11 2 0 10 1 0 4 3 9 15 0 13 14
