3 0 0 0 7 0 12 1 16 0 0 0 15 0 2 13
13 15 0 2 0 0 0 4 0 0 12 0 0 0 11 14
14 16 0 0 0 0 0 0 3 5 0 0 7 0 0 0
0 7 0 0 0 0 0 0 0 0 9 2 0 0 0 0
0 3 0 0 0 0 6 12 14 16 0 0 13 15 0 2
0 13 15 9 0 0 0 0 1 0 0 12 14 0 0 0
11 14 16 10 0 13 0 0 0 3 0 0 1 0 6 12
0 1 0 6 0 0 0 0 0 13 15 0 0 3 0 0
0 4 3 5 12 0 0 0 0 0 16 10 0 13 15 0
9 0 13 0 0 4 0 0 12 0 7 0 11 14 16 10
0 0 0 0 9 0 13 0 0 0 0 0 12 1 7 6
0 12 0 0 10 0 14 16 0 2 13 15 8 4 3 0
5 0 4 3 0 0 0 0 0 11 14 0 0 2 13 15
0 0 2 13 5 0 0 3 0 12 1 7 0 11 14 0
16 10 11 14 15 0 0 0 5 0 0 3 6 0 0 0
7 0 0 0 16 10 11 14 0 9 0 0 0 0 4 0
