5 16 7 0 11 3 0 6 0 15 4 0 0 0 0 8
8 0 10 0 5 0 0 0 11 0 12 6 0 15 4 2
0 9 15 4 0 14 10 0 0 16 0 0 11 3 0 0
0 0 0 12 0 0 0 0 0 0 10 0 5 16 7 1
0 5 16 0 6 0 0 12 2 0 15 4 8 14 0 0
0 0 14 0 0 5 16 7 0 0 0 0 2 0 15 4
4 2 0 15 0 8 14 10 0 0 0 0 6 11 0 12
12 6 11 3 0 2 9 0 13 0 0 0 0 0 0 0
0 1 5 16 12 6 0 0 0 0 9 0 13 8 14 0
0 13 0 14 7 1 0 16 12 6 11 0 0 0 9 15
0 4 2 0 0 13 0 0 0 1 0 0 12 0 11 3
0 12 0 11 0 4 2 0 10 0 0 0 0 1 5 16
0 0 1 5 3 12 6 11 15 4 0 0 0 13 0 0
0 0 13 8 0 7 0 5 0 0 0 0 0 0 2 9
9 15 4 2 0 0 13 8 0 7 0 0 0 12 6 11
0 0 0 6 9 15 4 2 14 0 0 8 0 7 1 5
