14 15 8 13 16 5 6 11 2 7 10 1 12 4 3 9
9 12 4 3 14 15 8 13 16 5 6 11 2 7 10 1
1 2 7 10 9 12 4 3 14 15 8 13 16 5 6 11
11 16 5 6 1 2 7 10 9 12 4 3 14 15 8 13
13 14 15 8 11 16 5 6 1 2 7 10 9 12 4 3
3 9 12 4 13 14 15 8 11 16 5 6 1 2 7 10
10 1 2 7 3 9 12 4 13 14 15 8 11 16 5 6
6 11 16 5 10 1 2 7 3 9 12 4 13 14 15 8
8 13 14 15 6 11 16 5 10 1 2 7 3 9 12 4
4 3 9 12 8 13 14 15 6 11 16 5 10 1 2 7
7 10 1 2 4 3 9 12 8 13 14 15 6 11 16 5
5 6 11 16 7 10 1 2 4 3 9 12 8 13 14 15
15 8 13 14 5 6 11 16 7 10 1 2 4 3 9 12
12 4 3 9 15 8 13 14 5 6 11 16 7 10 1 2
2 7 10 1 12 4 3 9 15 8 13 14 5 6 11 16
16 5 6 11 2 7 10 1 12 4 3 9 15 8 13 14
