3 5 9 4 7 8 12 1 16 10 11 14 15 6 2 13
13 15 10 2 3 5 9 4 7 6 12 1 16 8 11 14
14 16 6 11 13 15 10 2 3 5 8 4 7 9 12 1
1 7 12 8 6 14 16 11 13 15 9 2 4 10 5 3
4 3 5 7 11 1 6 12 14 16 10 8 13 15 9 2
2 13 15 9 4 3 5 10 1 7 6 12 14 16 8 11
11 14 16 10 2 13 15 8 4 3 5 9 1 7 6 12
12 1 8 6 14 16 7 9 2 13 15 11 5 3 10 4
8 4 3 5 12 7 1 6 11 14 16 10 2 13 15 9
9 2 13 15 8 4 3 5 12 1 7 6 11 14 16 10
10 11 14 16 9 2 13 15 8 4 3 5 12 1 7 6
6 12 7 1 10 11 14 16 9 2 13 15 8 4 3 5
5 9 4 3 1 12 8 7 6 11 14 16 10 2 13 15
15 8 2 13 5 6 4 3 10 12 1 7 9 11 14 16
16 10 11 14 15 9 2 13 5 8 4 3 6 12 1 7
7 6 1 12 16 10 11 14 15 9 2 13 3 5 4 8
