5 16 7 1 11 3 12 6 9 15 4 2 14 10 13 8
8 14 10 13 5 16 7 1 11 3 12 6 9 15 4 2
2 9 15 4 8 14 10 13 5 16 7 1 11 3 12 6
6 11 3 12 2 9 15 4 8 13 10 14 5 16 7 1
1 5 16 7 6 11 3 12 2 9 15 4 8 14 10 13
13 8 14 10 1 5 16 7 6 12 3 11 2 9 15 4
4 2 9 15 13 8 14 10 7 5 1 16 6 11 3 12
12 6 11 3 4 2 9 15 13 8 14 10 1 5 16 7
15 1 5 16 12 6 11 3 4 2 9 7 13 8 14 10
10 13 8 14 7 1 5 16 12 6 11 3 4 2 9 15
7 4 2 9 10 13 8 14 16 1 5 15 12 6 11 3
3 12 6 11 15 4 2 9 10 14 8 13 7 1 5 16
16 7 1 5 3 12 6 11 15 4 2 9 10 13 8 14
14 10 13 8 16 7 1 5 3 11 6 12 15 4 2 9
9 15 4 2 14 10 13 8 1 7 16 5 3 12 6 11
11 3 12 6 9 15 4 2 14 10 13 8 16 7 1 5
