19 0 6 24 4 7 1 15 0 25 0 0 13 12 0 17 0 0 0 0 8 18 21 16 11
9 12 16 13 21 19 10 0 3 24 0 1 25 0 18 15 22 0 7 8 20 23 0 0 14
8 0 2 0 0 0 20 21 13 22 19 0 4 23 5 0 25 0 0 14 0 9 15 0 0
15 22 0 0 3 5 0 11 2 0 0 0 17 0 21 13 0 0 0 24 0 10 25 0 0
0 0 0 0 18 12 9 0 0 8 0 20 0 7 15 6 23 0 11 2 13 22 19 0 0
20 0 0 23 0 0 15 13 0 7 4 0 6 14 16 21 0 17 0 0 10 0 22 0 19
13 4 0 2 0 0 0 20 19 14 10 0 24 3 0 8 0 7 6 0 1 0 0 21 18
22 6 15 17 0 2 23 9 8 0 7 0 0 0 0 16 19 3 25 0 0 20 0 13 0
0 0 0 8 0 1 11 5 0 3 20 0 0 0 0 0 24 12 14 0 0 0 0 23 9
14 10 7 3 0 0 0 0 0 16 17 5 1 0 0 22 13 9 20 0 11 0 24 2 0
4 16 0 21 0 0 8 18 22 11 24 3 9 0 17 5 1 0 13 0 0 14 0 0 0
11 0 14 22 20 21 3 25 16 23 5 0 0 0 0 0 0 0 0 9 2 0 7 10 0
0 5 0 0 0 0 6 7 15 0 23 0 0 13 0 0 0 14 4 19 0 24 16 12 0
0 13 0 0 6 0 0 0 1 0 0 0 15 0 0 11 12 10 0 22 5 21 3 17 23
17 3 0 0 23 0 0 24 5 2 14 18 8 6 22 0 20 0 0 0 9 15 0 0 0
5 21 20 12 2 9 25 10 0 0 0 4 0 0 7 0 0 22 0 17 16 0 0 0 0
0 0 10 0 0 22 0 16 0 0 13 25 11 21 0 0 6 0 0 5 0 2 14 20 12
6 0 9 0 0 0 5 12 18 13 2 19 23 0 0 0 0 0 16 21 25 7 11 0 1
0 0 25 0 14 6 0 23 20 15 0 16 0 0 9 12 10 0 2 3 19 0 17 22 21
3 17 18 0 13 14 0 0 7 0 0 22 20 0 6 19 4 11 24 0 15 0 0 9 10
0 18 22 25 5 0 16 0 0 17 1 23 0 10 4 0 0 0 0 13 0 0 0 14 24
0 0 0 14 15 8 13 19 10 0 21 0 0 5 0 0 11 24 22 6 0 12 0 7 0
0 0 0 7 8 20 14 0 0 0 0 6 18 19 24 23 21 0 10 4 22 11 5 15 13
0 9 0 19 0 0 21 3 24 0 11 15 7 22 0 14 0 0 0 16 0 0 18 6 20
24 0 3 0 11 0 7 22 25 0 0 13 0 0 0 18 0 8 19 12 0 1 0 4 2

