0 13 5 0 1 0 0 9 7 14 2 16 12 17 4 0 0 21 0 23 6 0 3 24 20
0 6 22 3 24 0 0 5 8 0 11 0 9 7 14 0 16 12 17 0 15 10 21 0 23
0 15 0 0 18 20 6 22 3 0 0 0 0 0 0 11 25 9 7 0 2 0 0 0 4
0 0 16 12 0 23 15 0 0 0 20 6 22 3 24 19 13 5 0 1 0 25 9 7 14
0 11 25 0 0 0 0 16 12 17 0 0 10 21 18 20 6 0 0 24 19 0 5 8 0
0 19 13 0 8 0 0 25 0 7 4 2 0 0 17 0 0 10 21 18 20 0 22 0 0
24 20 6 22 3 0 0 13 5 8 14 0 25 9 7 0 2 0 12 0 23 15 10 21 0
18 23 15 10 21 24 0 6 0 3 1 0 13 0 8 14 11 25 9 7 0 2 16 12 0
0 0 2 0 12 18 0 0 10 21 24 20 6 22 3 0 19 0 5 8 0 11 25 0 7
7 14 11 25 0 17 4 2 16 12 18 23 15 10 21 24 0 6 22 3 1 19 0 5 8
8 1 19 13 5 7 14 0 25 0 17 4 2 16 0 0 23 15 10 21 24 0 6 22 0
0 0 0 0 22 8 0 19 13 5 7 0 0 25 9 0 0 2 16 12 18 23 15 10 0
0 0 23 15 10 0 0 0 0 0 0 1 19 0 0 0 0 0 25 0 17 4 0 16 0
0 0 4 2 16 21 0 0 15 10 3 24 20 6 22 8 1 0 0 0 7 0 11 25 0
0 0 14 11 25 12 0 0 2 0 21 18 23 15 10 3 0 0 6 22 8 0 0 0 5
5 8 1 0 13 9 7 14 0 25 12 0 0 0 16 0 0 23 15 10 0 24 0 0 0
0 3 0 20 6 5 0 0 0 13 9 0 14 0 25 0 0 0 0 16 21 18 23 15 10
0 0 0 0 15 22 0 24 0 6 0 8 1 0 0 9 7 14 0 0 0 17 0 2 16
16 0 17 4 0 10 0 0 0 0 22 3 24 0 6 5 8 0 0 0 0 0 14 0 0
0 9 7 0 0 16 12 17 4 2 10 21 0 0 0 0 3 24 20 6 5 8 1 19 13
13 0 8 1 0 25 0 0 0 11 16 12 17 0 2 10 0 18 23 15 22 3 24 20 0
0 22 3 24 20 0 5 8 1 19 0 9 7 0 0 16 0 0 4 2 10 21 0 23 15
15 10 21 18 0 0 22 0 24 20 0 5 8 0 19 25 9 0 0 0 0 12 17 4 0
2 16 12 0 0 15 0 21 18 23 6 22 0 0 20 13 0 8 1 19 0 0 7 14 0
0 25 0 7 14 2 16 0 17 4 0 10 21 18 0 6 22 0 24 20 13 0 8 1 19

