19 13 5 8 1 11 25 9 7 14 2 16 12 17 4 15 10 21 18 23 6 22 3 24 20
20 6 22 3 24 19 13 5 8 1 11 25 9 7 14 2 16 12 17 4 15 10 21 18 23
23 15 10 21 18 20 6 22 3 24 19 13 5 8 1 11 25 9 7 14 2 16 12 17 4
4 2 16 12 17 23 15 10 21 18 20 6 22 3 24 19 13 5 8 1 11 25 9 7 14
14 11 25 9 7 4 2 16 12 17 23 15 10 21 18 20 6 22 3 24 19 13 5 8 1
1 19 13 5 8 14 11 25 9 7 4 2 16 12 17 23 15 10 21 18 20 6 22 3 24
24 20 6 22 3 1 19 13 5 8 14 11 25 9 7 4 2 16 12 17 23 15 10 21 18
18 23 15 10 21 24 20 6 22 3 1 19 13 5 8 14 11 25 9 7 4 2 16 12 17
17 4 2 16 12 18 23 15 10 21 24 20 6 22 3 1 19 13 5 8 14 11 25 9 7
7 14 11 25 9 17 4 2 16 12 18 23 15 10 21 24 20 6 22 3 1 19 13 5 8
8 1 19 13 5 7 14 11 25 9 17 4 2 16 12 18 23 15 10 21 24 20 6 22 3
3 24 20 6 22 8 1 19 13 5 7 14 11 25 9 17 4 2 16 12 18 23 15 10 21
21 18 23 15 10 3 24 20 6 22 8 1 19 13 5 7 14 11 25 9 17 4 2 16 12
12 17 4 2 16 21 18 23 15 10 3 24 20 6 22 8 1 19 13 5 7 14 11 25 9
9 7 14 11 25 12 17 4 2 16 21 18 23 15 10 3 24 20 6 22 8 1 19 13 5
5 8 1 19 13 9 7 14 11 25 12 17 4 2 16 21 18 23 15 10 3 24 20 6 22
22 3 24 20 6 5 8 1 19 13 9 7 14 11 25 12 17 4 2 16 21 18 23 15 10
10 21 18 23 15 22 3 24 20 6 5 8 1 19 13 9 7 14 11 25 12 17 4 2 16
16 12 17 4 2 10 21 18 23 15 22 3 24 20 6 5 8 1 19 13 9 7 14 11 25
25 9 7 14 11 16 12 17 4 2 10 21 18 23 15 22 3 24 20 6 5 8 1 19 13
13 5 8 1 19 25 9 7 14 11 16 12 17 4 2 10 21 18 23 15 22 3 24 20 6
6 22 3 24 20 13 5 8 1 19 25 9 7 14 11 16 12 17 4 2 10 21 18 23 15
15 10 21 18 23 6 22 3 24 20 13 5 8 1 19 25 9 7 14 11 16 12 17 4 2
2 16 12 17 4 15 10 21 18 23 6 22 3 24 20 13 5 8 1 19 25 9 7 14 11
11 25 9 7 14 2 16 12 17 4 15 10 21 18 23 6 22 3 24 20 13 5 8 1 19
