19 14 6 24 4 7 1 15 23 25 22 10 13 12 2 17 9 5 3 20 8 18 21 16 11
9 12 16 13 21 19 10 17 3 24 6 1 25 11 18 15 22 4 7 8 20 23 2 5 14
8 7 2 11 17 16 20 21 13 22 19 24 4 23 5 10 25 1 18 14 12 9 15 3 6
15 22 23 20 3 5 18 11 2 6 8 14 17 9 21 13 16 19 12 24 4 10 25 1 7
10 25 1 5 18 12 9 4 14 8 16 20 3 7 15 6 23 21 11 2 13 22 19 24 17
20 1 11 23 9 24 15 13 12 7 4 8 6 14 16 21 2 17 5 18 10 3 22 25 19
13 4 5 2 16 25 22 20 19 14 10 9 24 3 23 8 15 7 6 11 1 17 12 21 18
22 6 15 17 24 2 23 9 8 10 7 11 21 18 12 16 19 3 25 1 14 20 4 13 5
18 19 21 8 25 1 11 5 17 3 20 2 22 15 13 4 24 12 14 10 7 16 6 23 9
14 10 7 3 12 18 4 6 21 16 17 5 1 25 19 22 13 9 20 23 11 8 24 2 15
4 16 12 21 7 10 8 18 22 11 24 3 9 2 17 5 1 23 13 15 6 14 20 19 25
11 15 14 22 20 21 3 25 16 23 5 12 19 4 1 24 18 6 17 9 2 13 7 10 8
25 5 8 9 1 17 6 7 15 20 23 21 10 13 11 2 3 14 4 19 18 24 16 12 22
2 13 24 18 6 4 19 14 1 9 25 7 15 16 20 11 12 10 8 22 5 21 3 17 23
17 3 19 10 23 13 12 24 5 2 14 18 8 6 22 25 20 16 21 7 9 15 1 11 4
5 21 20 12 2 9 25 10 11 19 15 4 14 24 7 1 8 22 23 17 16 6 13 18 3
23 8 10 15 19 22 17 16 4 1 13 25 11 21 3 7 6 18 9 5 24 2 14 20 12
6 24 9 4 22 3 5 12 18 13 2 19 23 17 10 20 14 15 16 21 25 7 11 8 1
7 11 25 1 14 6 24 23 20 15 18 16 5 8 9 12 10 13 2 3 19 4 17 22 21
3 17 18 16 13 14 2 8 7 21 12 22 20 1 6 19 4 11 24 25 15 5 23 9 10
21 18 22 25 5 11 16 2 6 17 1 23 12 10 4 9 7 20 15 13 3 19 8 14 24
1 20 4 14 15 8 13 19 10 18 21 17 2 5 25 3 11 24 22 6 23 12 9 7 16
16 2 17 7 8 20 14 1 9 12 3 6 18 19 24 23 21 25 10 4 22 11 5 15 13
12 9 13 19 10 23 21 3 24 4 11 15 7 22 8 14 5 2 1 16 17 25 18 6 20
24 23 3 6 11 15 7 22 25 5 9 13 16 20 14 18 17 8 19 12 21 1 10 4 2
