1 2 3 4 5 6 7 8 9 10 11 12 13 16 17 18 19 20 21 22 23 24 25 14 15
6 7 8 9 10 2 3 4 5 23 14 15 18 19 20 24 25 11 12 13 21 22 16 1 17
11 12 13 16 17 18 19 20 21 22 24 25 1 7 23 8 9 10 14 15 2 3 4 5 6
18 19 20 21 22 24 25 14 15 13 10 2 3 4 5 16 1 17 23 6 11 12 7 8 9
23 24 25 14 15 16 1 17 11 12 21 6 22 8 9 2 3 4 5 7 18 19 20 13 10
2 5 4 22 7 21 23 25 12 18 16 17 19 10 6 11 13 3 9 1 8 14 15 24 20
3 1 16 6 18 17 4 9 19 5 8 22 2 24 25 20 15 12 7 14 10 11 13 21 23
20 9 19 25 12 10 11 22 24 8 13 23 14 15 1 17 5 16 6 21 3 2 18 7 4
21 13 10 24 11 1 16 15 14 7 3 20 4 5 18 19 23 2 22 8 9 6 17 12 25
14 15 17 8 23 3 2 13 20 6 7 9 21 11 12 4 24 18 25 10 1 5 19 16 22
4 8 5 2 16 9 6 19 25 1 23 10 20 13 7 22 18 15 3 24 12 17 14 11 21
17 25 21 12 9 23 14 18 10 24 22 1 15 6 4 5 11 8 16 20 19 13 3 2 7
24 18 11 23 13 4 21 12 22 3 9 5 8 17 2 7 6 14 1 19 25 15 10 20 16
19 22 14 7 3 15 20 2 13 16 25 18 11 12 24 21 10 9 17 4 6 8 5 23 1
10 6 15 20 1 7 5 11 8 17 19 3 16 21 14 13 12 25 2 23 24 4 22 9 18
16 17 22 5 25 19 15 7 3 14 18 24 9 1 8 10 4 23 11 2 20 21 12 6 13
7 11 1 13 24 25 9 16 2 4 12 14 6 22 3 15 17 21 20 18 5 23 8 10 19
8 4 2 10 14 12 22 6 23 20 15 21 5 25 19 3 7 13 24 9 16 18 1 17 11
9 21 18 15 19 5 13 24 1 11 20 16 17 23 10 25 22 6 8 12 4 7 2 3 14
12 23 6 3 20 8 17 10 18 21 4 13 7 2 11 1 14 5 19 16 22 25 9 15 24
5 3 23 18 2 14 24 1 16 15 17 11 10 20 13 6 8 19 4 25 7 9 21 22 12
22 10 9 11 4 13 8 21 6 2 1 19 24 14 15 12 16 7 18 3 17 20 23 25 5
25 16 12 1 8 22 18 3 17 19 5 7 23 9 21 14 20 24 13 11 15 10 6 4 2
13 20 7 17 21 11 10 23 4 25 6 8 12 18 16 9 2 22 15 5 14 1 24 19 3
15 14 24 19 6 20 12 5 7 9 2 4 25 3 22 23 21 1 10 17 13 16 11 18 8
