12 18 10 8 6 15 17 9 11 1 22 3 21 19 20 23 24 25 14 13 2 5 16 7 4
4 2 5 16 7 12 18 10 8 6 15 17 9 11 1 22 3 21 19 20 23 24 25 14 13
13 23 24 25 14 4 2 5 16 7 12 18 10 8 6 15 17 9 11 1 22 3 21 19 20
20 22 3 21 19 25 23 24 13 14 4 2 5 16 7 12 18 10 8 6 15 17 9 11 1
1 15 17 9 11 20 22 3 21 19 13 23 24 25 14 4 2 5 16 7 12 18 10 8 6
6 12 18 10 8 1 15 17 9 11 20 22 3 21 19 13 23 24 25 14 4 2 5 16 7
7 4 2 5 16 6 12 18 10 8 1 15 17 9 11 20 22 3 21 19 13 23 24 25 14
14 13 23 24 25 7 4 2 5 16 6 12 18 10 8 1 15 17 9 11 20 22 3 21 19
19 20 22 3 21 14 13 23 24 25 7 4 2 5 16 6 12 18 10 8 1 15 17 9 11
11 1 15 17 9 19 20 22 3 21 14 13 23 24 25 7 4 2 5 16 6 12 18 10 8
8 6 12 18 10 11 1 15 17 9 19 20 22 3 21 14 13 23 24 25 7 4 2 5 16
16 7 4 2 5 8 6 12 18 10 11 1 15 17 9 19 20 22 3 21 14 13 23 24 25
25 14 13 23 24 16 7 4 2 5 8 6 12 18 10 11 1 15 17 9 19 20 22 3 21
21 19 20 22 3 13 14 25 23 24 16 7 4 2 5 8 6 12 18 10 11 1 15 17 9
9 11 1 15 17 21 19 20 22 3 25 14 13 23 24 16 7 4 2 5 8 6 12 18 10
10 8 6 12 18 9 11 1 15 17 21 19 20 22 3 25 14 13 23 24 16 7 4 2 5
5 16 7 4 2 10 8 6 12 18 9 11 1 15 17 21 19 20 22 3 25 14 13 23 24
24 25 14 13 23 5 16 7 4 2 10 8 6 12 18 9 11 1 15 17 21 19 20 22 3
3 21 19 20 22 24 25 13 14 23 5 16 7 4 2 10 8 6 12 18 9 11 1 15 17
17 9 11 1 15 3 21 19 20 22 24 25 14 13 23 5 16 7 4 2 10 8 6 12 18
18 10 8 6 12 17 9 11 1 15 3 21 19 20 22 24 25 14 13 23 5 16 7 4 2
2 5 16 7 4 18 10 8 6 12 17 9 11 1 15 3 21 19 20 22 24 25 14 13 23
23 24 25 14 13 2 5 16 7 4 18 10 8 6 12 17 9 11 1 15 3 21 19 20 22
22 3 21 19 20 23 24 14 25 13 2 5 16 7 4 18 10 8 6 12 17 9 11 1 15
15 17 9 11 1 22 3 21 19 20 23 24 25 14 13 2 5 16 7 4 18 10 8 6 12
